2.090000000000000000e+02 1.550000000000000000e+02 1.000000000000000000e+02 6.300000000000000000e+01
1.971235046386718750e+02 1.541562805175781250e+02 1.033777923583984375e+02 6.322795867919921875e+01
1.890477905273437500e+02 1.555720214843750000e+02 9.805946350097656250e+01 6.288129806518554688e+01
1.844410552978515625e+02 1.575339813232421875e+02 9.537233734130859375e+01 5.867384719848632812e+01
1.813780212402343750e+02 1.568594970703125000e+02 9.184076690673828125e+01 5.744373321533203125e+01
1.758126983642578125e+02 1.569788360595703125e+02 9.291704559326171875e+01 5.501691436767578125e+01
1.671334533691406250e+02 1.589284820556640625e+02 9.791594696044921875e+01 5.475831985473632812e+01
1.603840332031250000e+02 1.597871246337890625e+02 9.913099670410156250e+01 5.247441482543945312e+01
1.545639801025390625e+02 1.591704559326171875e+02 1.008077163696289062e+02 5.385345840454101562e+01
1.545160064697265625e+02 1.576247406005859375e+02 8.765332794189453125e+01 5.563375473022460938e+01
1.549826049804687500e+02 1.595776062011718750e+02 8.298703765869140625e+01 5.367668151855468750e+01
1.547356872558593750e+02 1.606865386962890625e+02 7.639454650878906250e+01 5.008682250976562500e+01
1.561012115478515625e+02 1.601130218505859375e+02 7.507721710205078125e+01 4.920014190673828125e+01
1.516134033203125000e+02 1.601205902099609375e+02 7.364633941650390625e+01 5.005670166015625000e+01
1.502963409423828125e+02 1.615818328857421875e+02 6.936838531494140625e+01 4.896538543701171875e+01
1.497042846679687500e+02 1.611430511474609375e+02 6.651452636718750000e+01 4.926434707641601562e+01
1.474061431884765625e+02 1.604093933105468750e+02 6.422222900390625000e+01 4.778680419921875000e+01
1.479829864501953125e+02 1.597536010742187500e+02 5.959318923950195312e+01 4.856392669677734375e+01
1.459415893554687500e+02 1.618520050048828125e+02 6.064326477050781250e+01 4.598870468139648438e+01
1.442084350585937500e+02 1.593945617675781250e+02 6.079896545410156250e+01 4.751143646240234375e+01
1.445205688476562500e+02 1.622205505371093750e+02 5.539569473266601562e+01 4.398500442504882812e+01
1.434903564453125000e+02 1.605765533447265625e+02 5.519116973876953125e+01 4.482730102539062500e+01
1.425689086914062500e+02 1.606012725830078125e+02 5.142216491699218750e+01 4.481616973876953125e+01
1.416377868652343750e+02 1.621065979003906250e+02 5.383810806274414062e+01 4.212678527832031250e+01
1.397835845947265625e+02 1.614470367431640625e+02 5.491594696044921875e+01 4.168436050415039062e+01
1.398873291015625000e+02 1.607148132324218750e+02 5.347029495239257812e+01 4.195121383666992188e+01
1.390881500244140625e+02 1.600251464843750000e+02 5.216778564453125000e+01 4.138633346557617188e+01
1.408755950927734375e+02 1.609059295654296875e+02 5.083527755737304688e+01 4.109161376953125000e+01
1.398502502441406250e+02 1.616300048828125000e+02 5.215555953979492188e+01 4.097280502319335938e+01
1.390531158447265625e+02 1.621152038574218750e+02 5.049465942382812500e+01 3.958226013183593750e+01
1.401288757324218750e+02 1.605052185058593750e+02 4.920309829711914062e+01 4.005059432983398438e+01
1.404031372070312500e+02 1.611150512695312500e+02 4.787525558471679688e+01 4.001092910766601562e+01
1.414143829345703125e+02 1.621185607910156250e+02 4.778418731689453125e+01 3.894549560546875000e+01
1.418749542236328125e+02 1.606542663574218750e+02 4.792599868774414062e+01 3.940866470336914062e+01
1.415582122802734375e+02 1.617111206054687500e+02 4.707011795043945312e+01 3.913240814208984375e+01
1.431884918212890625e+02 1.624009704589843750e+02 4.576960372924804688e+01 3.779835510253906250e+01
1.441884155273437500e+02 1.625692901611328125e+02 4.554778289794921875e+01 3.768806076049804688e+01
1.440078125000000000e+02 1.612063598632812500e+02 4.341862869262695312e+01 3.860341262817382812e+01
1.456337890625000000e+02 1.618179321289062500e+02 4.340910339355468750e+01 3.675762939453125000e+01
1.476045532226562500e+02 1.615558013916015625e+02 4.227864456176757812e+01 3.637070846557617188e+01
1.484479827880859375e+02 1.609047088623046875e+02 4.088299179077148438e+01 3.584211349487304688e+01
1.482258300781250000e+02 1.614199676513671875e+02 4.245018005371093750e+01 3.573043441772460938e+01
1.499995574951171875e+02 1.622887878417968750e+02 4.264952850341796875e+01 3.558898162841796875e+01
1.516791229248046875e+02 1.621104888916015625e+02 4.340193939208984375e+01 3.557573318481445312e+01
1.527923889160156250e+02 1.603412933349609375e+02 4.201956939697265625e+01 3.541271209716796875e+01
1.533287200927734375e+02 1.617395324707031250e+02 4.092968368530273438e+01 3.437388610839843750e+01
1.543813781738281250e+02 1.611413116455078125e+02 4.023311996459960938e+01 3.480482101440429688e+01
1.558158111572265625e+02 1.625605621337890625e+02 4.209640884399414062e+01 3.279480743408203125e+01
1.556184997558593750e+02 1.628834075927734375e+02 4.294020080566406250e+01 3.285881805419921875e+01
1.575964965820312500e+02 1.647159423828125000e+02 4.224024963378906250e+01 3.220547866821289062e+01
1.564871826171875000e+02 1.637624359130859375e+02 4.354352951049804688e+01 3.198190689086914062e+01
1.564891967773437500e+02 1.628410186767578125e+02 4.526983261108398438e+01 3.241545486450195312e+01
1.589717712402343750e+02 1.643991699218750000e+02 4.478534698486328125e+01 3.249603271484375000e+01
1.592151184082031250e+02 1.628479309082031250e+02 4.516407012939453125e+01 3.260471343994140625e+01
1.639533996582031250e+02 1.643437500000000000e+02 3.877320861816406250e+01 3.098863220214843750e+01
1.638390502929687500e+02 1.628626556396484375e+02 4.101562118530273438e+01 3.143153953552246094e+01
1.635311584472656250e+02 1.630287780761718750e+02 4.469219589233398438e+01 3.102209854125976562e+01
1.638489532470703125e+02 1.630155029296875000e+02 4.305942916870117188e+01 3.125166893005371094e+01
1.668303527832031250e+02 1.630523681640625000e+02 4.059267044067382812e+01 3.072044563293457031e+01
1.695743255615234375e+02 1.639223022460937500e+02 3.940409469604492188e+01 3.060942077636718750e+01
1.686572265625000000e+02 1.635908050537109375e+02 4.148245239257812500e+01 3.108881950378417969e+01
1.690865783691406250e+02 1.634744567871093750e+02 4.491160202026367188e+01 3.227555847167968750e+01
1.679067687988281250e+02 1.623304290771484375e+02 4.775049972534179688e+01 3.348288345336914062e+01
1.689123077392578125e+02 1.634245605468750000e+02 4.774943923950195312e+01 3.189828109741210938e+01
1.687888793945312500e+02 1.650485534667968750e+02 5.075722122192382812e+01 3.314699554443359375e+01
1.747130432128906250e+02 1.623350982666015625e+02 4.309294891357421875e+01 3.980244827270507812e+01
1.762100982666015625e+02 1.633104705810546875e+02 4.051675415039062500e+01 3.658603286743164062e+01
1.802284545898437500e+02 1.625594329833984375e+02 3.688292312622070312e+01 3.689063262939453125e+01
1.812644805908203125e+02 1.630694427490234375e+02 3.731719589233398438e+01 3.818162155151367188e+01
1.806427764892578125e+02 1.634178619384765625e+02 3.876652908325195312e+01 3.643132781982421875e+01
1.824881134033203125e+02 1.614989166259765625e+02 3.958704757690429688e+01 3.801770401000976562e+01
1.792256774902343750e+02 1.618117218017578125e+02 4.354581451416015625e+01 3.434153366088867188e+01
1.832495727539062500e+02 1.621010131835937500e+02 3.787971496582031250e+01 3.406594085693359375e+01
1.851649169921875000e+02 1.628390502929687500e+02 3.819593811035156250e+01 3.478552246093750000e+01
1.821613311767578125e+02 1.631717987060546875e+02 4.340671920776367188e+01 3.661914062500000000e+01
1.809188690185546875e+02 1.633786315917968750e+02 4.479526138305664062e+01 3.534233093261718750e+01
1.897020874023437500e+02 1.639642333984375000e+02 3.765993118286132812e+01 2.822141456604003906e+01
1.902851104736328125e+02 1.631083984375000000e+02 3.542120742797851562e+01 2.833580017089843750e+01
1.929785919189453125e+02 1.639413146972656250e+02 3.400455474853515625e+01 2.745653533935546875e+01
1.930193328857421875e+02 1.623798065185546875e+02 3.463741683959960938e+01 2.790828323364257812e+01
1.959954528808593750e+02 1.634196166992187500e+02 3.391500854492187500e+01 2.888577270507812500e+01
1.957728424072265625e+02 1.618228302001953125e+02 3.427008438110351562e+01 2.839477920532226562e+01
1.967129821777343750e+02 1.629145965576171875e+02 3.313809585571289062e+01 2.805806350708007812e+01
2.002828826904296875e+02 1.623781738281250000e+02 3.253227996826171875e+01 2.765506553649902344e+01
1.996088256835937500e+02 1.625722351074218750e+02 3.222176742553710938e+01 2.852154922485351562e+01
2.025057525634765625e+02 1.623235321044921875e+02 3.124939918518066406e+01 2.747629737854003906e+01
2.047079315185546875e+02 1.627098541259765625e+02 2.923157310485839844e+01 2.775747871398925781e+01
2.051244506835937500e+02 1.623929443359375000e+02 3.175356674194335938e+01 2.793007850646972656e+01
2.058710021972656250e+02 1.634909667968750000e+02 3.169112968444824219e+01 2.732610511779785156e+01
2.068328247070312500e+02 1.626410522460937500e+02 2.967129707336425781e+01 2.736709594726562500e+01
2.082893524169921875e+02 1.637960510253906250e+02 3.044787025451660156e+01 2.759129142761230469e+01
2.087212677001953125e+02 1.629428558349609375e+02 3.082574653625488281e+01 2.649444198608398438e+01
2.118394927978515625e+02 1.632040710449218750e+02 2.876766777038574219e+01 2.761124038696289062e+01
2.140072021484375000e+02 1.636436462402343750e+02 2.915087890625000000e+01 2.581769943237304688e+01
2.126007385253906250e+02 1.621997985839843750e+02 3.042461585998535156e+01 2.487072753906250000e+01
2.142385864257812500e+02 1.621903228759765625e+02 2.936458206176757812e+01 2.585372924804687500e+01
2.161094665527343750e+02 1.637025604248046875e+02 2.892652511596679688e+01 2.573461532592773438e+01
2.174093322753906250e+02 1.621936492919921875e+02 2.727922439575195312e+01 2.955932426452636719e+01
2.190830688476562500e+02 1.620971069335937500e+02 2.825281906127929688e+01 2.636094474792480469e+01
2.205248870849609375e+02 1.628160247802734375e+02 2.748456954956054688e+01 2.655687904357910156e+01
2.221928863525390625e+02 1.635622100830078125e+02 2.718698692321777344e+01 2.621802139282226562e+01
2.222303619384765625e+02 1.620640563964843750e+02 2.557672691345214844e+01 2.623855400085449219e+01
2.243345184326171875e+02 1.628635711669921875e+02 2.585850906372070312e+01 2.604125404357910156e+01
2.254322967529296875e+02 1.621916961669921875e+02 2.636844825744628906e+01 2.709856414794921875e+01
2.242304382324218750e+02 1.620625915527343750e+02 2.709287834167480469e+01 2.475782394409179688e+01
2.265205688476562500e+02 1.624138946533203125e+02 2.438798522949218750e+01 2.528047561645507812e+01
2.265782623291015625e+02 1.628303680419921875e+02 2.493998336791992188e+01 2.600654411315917969e+01
2.288807983398437500e+02 1.617269592285156250e+02 2.473340606689453125e+01 2.504909896850585938e+01
2.291567230224609375e+02 1.630978851318359375e+02 2.625518417358398438e+01 2.479987335205078125e+01
2.321745910644531250e+02 1.635412445068359375e+02 2.382152748107910156e+01 2.509763145446777344e+01
2.326696014404296875e+02 1.632979125976562500e+02 2.423120307922363281e+01 2.523215484619140625e+01
2.313798980712890625e+02 1.618515777587890625e+02 2.558959579467773438e+01 2.471685981750488281e+01
2.345163421630859375e+02 1.634522705078125000e+02 2.499137115478515625e+01 2.400498008728027344e+01
2.355469207763671875e+02 1.631234893798828125e+02 2.506373786926269531e+01 2.330152130126953125e+01
2.357397308349609375e+02 1.616063842773437500e+02 2.778871917724609375e+01 2.584989356994628906e+01
