9.100000000000000000e+01 9.000000000000000000e+00 1.500000000000000000e+01 1.700000000000000000e+01
9.288141632080078125e+01 8.106513977050781250e+00 1.188718795776367188e+01 1.886142349243164062e+01
9.564078521728515625e+01 9.196107864379882812e+00 1.094538974761962891e+01 1.820822906494140625e+01
9.681454467773437500e+01 9.115535736083984375e+00 1.159495353698730469e+01 1.856383895874023438e+01
9.748619079589843750e+01 9.706205368041992188e+00 1.126570415496826172e+01 1.679977035522460938e+01
1.009574203491210938e+02 1.250493240356445312e+01 1.184299087524414062e+01 1.554358768463134766e+01
1.022285232543945312e+02 1.197352695465087891e+01 1.137821006774902344e+01 1.687000083923339844e+01
1.036383819580078125e+02 1.136544513702392578e+01 1.047592163085937500e+01 1.939845085144042969e+01
1.055084075927734375e+02 1.107635116577148438e+01 1.167897605895996094e+01 1.772570037841796875e+01
1.074415130615234375e+02 8.622537612915039062e+00 1.120444679260253906e+01 2.004936218261718750e+01
1.086262054443359375e+02 9.440100669860839844e+00 1.447008800506591797e+01 2.138781166076660156e+01
1.088874206542968750e+02 9.362311363220214844e+00 1.387811851501464844e+01 2.266542625427246094e+01
1.111338882446289062e+02 7.571337699890136719e+00 1.380386543273925781e+01 2.375649070739746094e+01
1.117850265502929688e+02 6.968556404113769531e+00 1.417570495605468750e+01 2.516037940979003906e+01
1.139926834106445312e+02 7.628410339355468750e+00 1.343813419342041016e+01 2.355413818359375000e+01
1.166125946044921875e+02 1.004503822326660156e+01 1.388047981262207031e+01 2.252913284301757812e+01
1.177171401977539062e+02 1.009397411346435547e+01 1.507033252716064453e+01 2.261988639831542969e+01
1.197729263305664062e+02 9.901079177856445312e+00 1.542599964141845703e+01 2.397532653808593750e+01
1.199523239135742188e+02 8.956050872802734375e+00 1.677857971191406250e+01 2.045359039306640625e+01
1.242730407714843750e+02 1.234239864349365234e+01 1.366586399078369141e+01 2.034115791320800781e+01
1.241126632690429688e+02 9.692462921142578125e+00 1.611982917785644531e+01 2.044378280639648438e+01
1.258583831787109375e+02 9.682370185852050781e+00 1.622533416748046875e+01 1.953067207336425781e+01
1.283632965087890625e+02 1.117698287963867188e+01 1.486703777313232422e+01 1.980517959594726562e+01
1.295173187255859375e+02 1.185315036773681641e+01 1.503323745727539062e+01 1.981674385070800781e+01
1.326368408203125000e+02 1.156773090362548828e+01 1.353779602050781250e+01 1.845953178405761719e+01
1.341077117919921875e+02 1.186565303802490234e+01 1.452313041687011719e+01 1.792689323425292969e+01
1.363542480468750000e+02 9.932206153869628906e+00 1.350664710998535156e+01 2.047391700744628906e+01
1.367579956054687500e+02 1.247371864318847656e+01 1.327571296691894531e+01 2.068404388427734375e+01
1.387261047363281250e+02 1.082881641387939453e+01 1.385675811767578125e+01 2.264072227478027344e+01
1.398232421875000000e+02 1.131202030181884766e+01 1.511377048492431641e+01 2.230500221252441406e+01
1.413414306640625000e+02 1.005623340606689453e+01 1.585844421386718750e+01 2.302465629577636719e+01
1.430751037597656250e+02 8.993216514587402344e+00 1.449424648284912109e+01 2.476126670837402344e+01
1.460832519531250000e+02 1.533295631408691406e+01 1.338812637329101562e+01 2.154240036010742188e+01
1.449067993164062500e+02 1.572610569000244141e+01 1.475688934326171875e+01 1.782310295104980469e+01
1.488295898437500000e+02 1.550191307067871094e+01 1.330268096923828125e+01 1.562722015380859375e+01
1.501702728271484375e+02 1.660305023193359375e+01 1.294322586059570312e+01 1.664298820495605469e+01
1.488088531494140625e+02 1.650273513793945312e+01 1.420229244232177734e+01 1.856541252136230469e+01
1.521653747558593750e+02 1.397551345825195312e+01 1.323664379119873047e+01 1.911558532714843750e+01
1.538855133056640625e+02 1.519190025329589844e+01 1.298080825805664062e+01 1.656288909912109375e+01
1.540030364990234375e+02 1.743463516235351562e+01 1.546251583099365234e+01 1.697972297668457031e+01
1.550393524169921875e+02 1.632143020629882812e+01 1.411279964447021484e+01 1.757180213928222656e+01
1.585124664306640625e+02 1.758219909667968750e+01 1.357538986206054688e+01 1.712641334533691406e+01
1.603429718017578125e+02 1.697429847717285156e+01 1.165879917144775391e+01 1.532485103607177734e+01
1.588651428222656250e+02 1.644968414306640625e+01 1.436824893951416016e+01 1.501317024230957031e+01
1.618173828125000000e+02 1.646832275390625000e+01 1.212913322448730469e+01 1.511415767669677734e+01
1.624261779785156250e+02 1.886916732788085938e+01 1.372896575927734375e+01 1.801082038879394531e+01
1.634080200195312500e+02 1.753815269470214844e+01 1.524876022338867188e+01 2.079871749877929688e+01
1.648315124511718750e+02 1.611665725708007812e+01 1.361794853210449219e+01 2.266935729980468750e+01
1.642975921630859375e+02 1.720355987548828125e+01 1.420328521728515625e+01 2.135345268249511719e+01
1.649081268310546875e+02 1.456119251251220703e+01 1.632099533081054688e+01 2.001763343811035156e+01
1.664302215576171875e+02 1.670383453369140625e+01 1.554797363281250000e+01 1.935586738586425781e+01
1.705514526367187500e+02 1.709085083007812500e+01 1.197113895416259766e+01 2.143867683410644531e+01
1.672990417480468750e+02 1.727575874328613281e+01 1.459494590759277344e+01 2.120686340332031250e+01
1.710583190917968750e+02 1.786882781982421875e+01 1.367001342773437500e+01 1.926072502136230469e+01
1.706477966308593750e+02 1.917024230957031250e+01 1.501526927947998047e+01 1.875588417053222656e+01
1.721678314208984375e+02 1.806972503662109375e+01 1.555649662017822266e+01 1.978837776184082031e+01
1.736179046630859375e+02 1.835317230224609375e+01 1.282724094390869141e+01 1.719635391235351562e+01
1.737554473876953125e+02 1.942367553710937500e+01 1.352808094024658203e+01 1.574711036682128906e+01
1.718496856689453125e+02 1.938409805297851562e+01 1.546243000030517578e+01 1.718410301208496094e+01
1.723702697753906250e+02 1.967907524108886719e+01 1.540929508209228516e+01 1.706848144531250000e+01
1.754561614990234375e+02 1.982167053222656250e+01 1.518191909790039062e+01 1.710427856445312500e+01
1.755862274169921875e+02 1.971917724609375000e+01 1.480242156982421875e+01 1.783474922180175781e+01
1.755547332763671875e+02 1.938387680053710938e+01 1.418378639221191406e+01 1.719792556762695312e+01
1.753589935302734375e+02 1.984162330627441406e+01 1.372568702697753906e+01 1.653492355346679688e+01
1.763912963867187500e+02 2.194674491882324219e+01 1.329572677612304688e+01 1.641786956787109375e+01
1.749989013671875000e+02 2.123179244995117188e+01 1.587684059143066406e+01 1.751655769348144531e+01
1.734268798828125000e+02 1.957630920410156250e+01 1.584566402435302734e+01 1.866058540344238281e+01
1.736684265136718750e+02 2.055082321166992188e+01 1.553837680816650391e+01 1.676697540283203125e+01
1.750378417968750000e+02 2.058624267578125000e+01 1.491301631927490234e+01 1.745814323425292969e+01
1.741044311523437500e+02 2.218503189086914062e+01 1.571285533905029297e+01 1.747862434387207031e+01
1.719834747314453125e+02 2.180097579956054688e+01 1.585944747924804688e+01 1.698203086853027344e+01
1.723576812744140625e+02 2.376521110534667969e+01 1.594756507873535156e+01 1.724591445922851562e+01
1.732609863281250000e+02 2.336996841430664062e+01 1.482544898986816406e+01 1.611089324951171875e+01
1.723737640380859375e+02 2.361682510375976562e+01 1.481845188140869141e+01 1.650527191162109375e+01
1.729361114501953125e+02 2.250041198730468750e+01 1.522168540954589844e+01 1.657527732849121094e+01
1.717805023193359375e+02 2.271179771423339844e+01 1.511567974090576172e+01 1.642959213256835938e+01
1.739400787353515625e+02 2.396326637268066406e+01 1.493942260742187500e+01 1.638410186767578125e+01
1.732971191406250000e+02 2.419846153259277344e+01 1.578970813751220703e+01 1.727623367309570312e+01
1.737825469970703125e+02 2.215913009643554688e+01 1.453326892852783203e+01 1.884007263183593750e+01
1.736938171386718750e+02 2.237018585205078125e+01 1.797336196899414062e+01 1.832994651794433594e+01
1.718296966552734375e+02 2.157213211059570312e+01 1.867475128173828125e+01 2.095194053649902344e+01
1.736899719238281250e+02 2.440896987915039062e+01 2.033087158203125000e+01 2.438757896423339844e+01
1.775541381835937500e+02 2.140418434143066406e+01 1.695862197875976562e+01 2.581258010864257812e+01
1.781183929443359375e+02 2.109228134155273438e+01 1.803625297546386719e+01 2.462188911437988281e+01
1.875689849853515625e+02 2.532601165771484375e+01 1.351723289489746094e+01 2.319448089599609375e+01
1.889666137695312500e+02 2.683377075195312500e+01 1.298521518707275391e+01 2.399587821960449219e+01
1.901681823730468750e+02 2.589026260375976562e+01 1.397128391265869141e+01 2.661892127990722656e+01
1.920980529785156250e+02 2.295246696472167969e+01 1.512940692901611328e+01 2.887246322631835938e+01
1.944182586669921875e+02 2.350100326538085938e+01 1.751971435546875000e+01 2.918465423583984375e+01
1.957486724853515625e+02 2.500974464416503906e+01 1.755043792724609375e+01 2.569919967651367188e+01
2.007369995117187500e+02 2.324109649658203125e+01 1.514729785919189453e+01 2.691663169860839844e+01
2.077536315917968750e+02 2.478855895996093750e+01 1.445619583129882812e+01 2.574244689941406250e+01
2.073794097900390625e+02 2.388566589355468750e+01 1.545677375793457031e+01 2.574825286865234375e+01
2.133470916748046875e+02 2.444679832458496094e+01 1.242211151123046875e+01 2.445071792602539062e+01
2.162022247314453125e+02 2.635819625854492188e+01 1.475691509246826172e+01 2.336744880676269531e+01
2.185393218994140625e+02 2.497234725952148438e+01 1.569586753845214844e+01 2.438987922668457031e+01
2.229846801757812500e+02 2.645082473754882812e+01 1.540232849121093750e+01 2.601479911804199219e+01
2.241078186035156250e+02 3.033292388916015625e+01 1.736790847778320312e+01 2.381450843811035156e+01
2.283514404296875000e+02 2.901053237915039062e+01 1.858692932128906250e+01 2.555506134033203125e+01
2.325791473388671875e+02 2.426871871948242188e+01 1.826563644409179688e+01 2.964090538024902344e+01
2.377223358154296875e+02 2.586521148681640625e+01 1.524927043914794922e+01 2.807694816589355469e+01
2.432070312500000000e+02 2.617275619506835938e+01 1.409510326385498047e+01 2.599537849426269531e+01
2.441283416748046875e+02 2.752395248413085938e+01 1.522234821319580078e+01 2.795816612243652344e+01
2.427140045166015625e+02 2.409513473510742188e+01 1.796754264831542969e+01 2.633882141113281250e+01
2.515443420410156250e+02 2.836876296997070312e+01 1.471953392028808594e+01 2.249244689941406250e+01
2.503584594726562500e+02 2.654767227172851562e+01 1.659303283691406250e+01 2.360713958740234375e+01
2.592375488281250000e+02 2.992628860473632812e+01 1.252753067016601562e+01 2.401115989685058594e+01
2.611639099121093750e+02 2.689502143859863281e+01 1.226331424713134766e+01 2.230838394165039062e+01
2.597332458496093750e+02 2.945690917968750000e+01 1.646453475952148438e+01 2.205266380310058594e+01
2.670982666015625000e+02 2.760244750976562500e+01 1.676618766784667969e+01 1.861452293395996094e+01
2.696372985839843750e+02 3.416333007812500000e+01 1.448670578002929688e+01 1.551250743865966797e+01
2.689069519042968750e+02 3.214391708374023438e+01 1.419232654571533203e+01 1.658905982971191406e+01
2.753905944824218750e+02 2.871143913269042969e+01 1.361735343933105469e+01 1.795917129516601562e+01
2.784547119140625000e+02 2.768795394897460938e+01 1.390447616577148438e+01 1.682061958312988281e+01
2.784120788574218750e+02 3.341595458984375000e+01 1.271820545196533203e+01 1.679595565795898438e+01
2.837639770507812500e+02 3.689149475097656250e+01 9.963792800903320312e+00 1.809414291381835938e+01
2.840956726074218750e+02 3.595515441894531250e+01 1.160834598541259766e+01 2.091488265991210938e+01
2.857845764160156250e+02 3.273281860351562500e+01 1.144965744018554688e+01 1.983600997924804688e+01
2.898153076171875000e+02 3.030825805664062500e+01 1.289475440979003906e+01 2.111456298828125000e+01
2.920113220214843750e+02 2.771232414245605469e+01 1.521600627899169922e+01 2.235459518432617188e+01
2.928385314941406250e+02 2.947739028930664062e+01 1.567001628875732422e+01 2.058213806152343750e+01
2.909063720703125000e+02 3.035066223144531250e+01 1.816619682312011719e+01 2.387767982482910156e+01
2.926504516601562500e+02 2.662686538696289062e+01 1.930228042602539062e+01 2.850049591064453125e+01
2.949867858886718750e+02 2.513076782226562500e+01 1.779560089111328125e+01 2.945341682434082031e+01
2.955373840332031250e+02 2.311438560485839844e+01 2.075661468505859375e+01 3.033290481567382812e+01
2.977331542968750000e+02 2.492726135253906250e+01 2.058336830139160156e+01 2.689981269836425781e+01
2.988634338378906250e+02 2.502123451232910156e+01 2.319421577453613281e+01 2.466146469116210938e+01
2.950866699218750000e+02 2.958926391601562500e+01 2.703588485717773438e+01 2.325720977783203125e+01
2.971724548339843750e+02 3.272085952758789062e+01 2.847206878662109375e+01 1.827719879150390625e+01
3.046853332519531250e+02 2.656313896179199219e+01 2.352768516540527344e+01 2.214480209350585938e+01
3.056338806152343750e+02 2.582267379760742188e+01 1.933265113830566406e+01 2.412371253967285156e+01
3.092321472167968750e+02 2.557815933227539062e+01 1.711383438110351562e+01 2.574595069885253906e+01
3.107291870117187500e+02 2.612676620483398438e+01 1.563594532012939453e+01 2.707643890380859375e+01
3.124451293945312500e+02 2.583391189575195312e+01 1.354287719726562500e+01 2.472294044494628906e+01
3.155062866210937500e+02 2.602723312377929688e+01 1.328466320037841797e+01 2.265384483337402344e+01
3.160076904296875000e+02 2.665105819702148438e+01 1.312990760803222656e+01 2.425409698486328125e+01
3.160709228515625000e+02 2.425550651550292969e+01 1.535334968566894531e+01 2.609065628051757812e+01
3.169682922363281250e+02 2.582839584350585938e+01 1.322986030578613281e+01 2.449634742736816406e+01
