2.850000000000000000e+02 1.800000000000000000e+02 2.400000000000000000e+01 2.100000000000000000e+01
2.833516235351562500e+02 1.760995025634765625e+02 2.671102333068847656e+01 2.508862113952636719e+01
2.813342285156250000e+02 1.767301635742187500e+02 2.962452316284179688e+01 2.380746269226074219e+01
2.834793395996093750e+02 1.770084228515625000e+02 2.886826515197753906e+01 2.350544738769531250e+01
2.824984741210937500e+02 1.766650390625000000e+02 2.931428909301757812e+01 2.410861778259277344e+01
2.820048828125000000e+02 1.771486206054687500e+02 3.104728126525878906e+01 2.409445571899414062e+01
2.820964050292968750e+02 1.775273132324218750e+02 3.096941375732421875e+01 2.462296104431152344e+01
2.842749938964843750e+02 1.772991027832031250e+02 2.890497016906738281e+01 2.357932853698730469e+01
2.845882568359375000e+02 1.775982208251953125e+02 2.893798255920410156e+01 2.451664924621582031e+01
2.851014099121093750e+02 1.767284698486328125e+02 2.997180747985839844e+01 2.441752815246582031e+01
2.865825500488281250e+02 1.774421234130859375e+02 2.907704353332519531e+01 2.473425674438476562e+01
2.850792236328125000e+02 1.768036651611328125e+02 3.013539505004882812e+01 2.493038368225097656e+01
2.863642883300781250e+02 1.779719085693359375e+02 3.003845405578613281e+01 2.473668098449707031e+01
2.868284912109375000e+02 1.778413543701171875e+02 3.019753456115722656e+01 2.536029052734375000e+01
2.847616577148437500e+02 1.775564727783203125e+02 3.277673339843750000e+01 2.472339820861816406e+01
2.867974548339843750e+02 1.773020019531250000e+02 3.190276908874511719e+01 2.535776138305664062e+01
2.870765380859375000e+02 1.773714447021484375e+02 3.131413078308105469e+01 2.567717742919921875e+01
2.873168029785156250e+02 1.780292205810546875e+02 3.107262611389160156e+01 2.642162132263183594e+01
2.865427246093750000e+02 1.778582611083984375e+02 3.071287727355957031e+01 2.583036422729492188e+01
2.852951049804687500e+02 1.773533020019531250e+02 3.379420471191406250e+01 2.585759735107421875e+01
2.885546569824218750e+02 1.785583496093750000e+02 3.137790870666503906e+01 2.616291046142578125e+01
2.879911499023437500e+02 1.771800842285156250e+02 3.184509086608886719e+01 2.574728584289550781e+01
2.875446472167968750e+02 1.777829589843750000e+02 3.226442718505859375e+01 2.602863693237304688e+01
2.868844604492187500e+02 1.772499084472656250e+02 3.343053436279296875e+01 2.667757034301757812e+01
2.874621276855468750e+02 1.762776794433593750e+02 3.290601348876953125e+01 2.701243400573730469e+01
2.884581909179687500e+02 1.773214721679687500e+02 3.341661453247070312e+01 2.630404472351074219e+01
2.878557739257812500e+02 1.784046020507812500e+02 3.355048751831054688e+01 2.666294479370117188e+01
2.876986083984375000e+02 1.767281494140625000e+02 3.479658508300781250e+01 2.723919677734375000e+01
2.880960388183593750e+02 1.779704589843750000e+02 3.518262481689453125e+01 2.700708389282226562e+01
2.865017089843750000e+02 1.775832672119140625e+02 3.580699157714843750e+01 2.787561607360839844e+01
2.887350158691406250e+02 1.773148956298828125e+02 3.418654632568359375e+01 2.842606544494628906e+01
2.869653625488281250e+02 1.766091003417968750e+02 3.419260025024414062e+01 2.760994720458984375e+01
2.885934448242187500e+02 1.774793853759765625e+02 3.403638839721679688e+01 2.836957931518554688e+01
2.880722351074218750e+02 1.766131134033203125e+02 3.330418014526367188e+01 2.889713096618652344e+01
2.872937927246093750e+02 1.773190612792968750e+02 3.426851654052734375e+01 2.956837081909179688e+01
2.891954040527343750e+02 1.777982025146484375e+02 3.298478317260742188e+01 2.863930511474609375e+01
2.862034912109375000e+02 1.775504302978515625e+02 3.566505813598632812e+01 2.941599845886230469e+01
2.865227050781250000e+02 1.775389556884765625e+02 3.694533538818359375e+01 2.969441413879394531e+01
2.855385131835937500e+02 1.775586700439453125e+02 3.722002792358398438e+01 3.076244926452636719e+01
2.854677429199218750e+02 1.758528289794921875e+02 3.591946029663085938e+01 3.054500770568847656e+01
2.857145385742187500e+02 1.772795257568359375e+02 3.589649200439453125e+01 3.008483123779296875e+01
2.853050231933593750e+02 1.772122650146484375e+02 3.422469711303710938e+01 2.958846092224121094e+01
2.866681213378906250e+02 1.778601531982421875e+02 3.477296066284179688e+01 3.063941764831542969e+01
2.852590026855468750e+02 1.770090484619140625e+02 3.607838821411132812e+01 3.082540702819824219e+01
2.851388549804687500e+02 1.768729400634765625e+02 3.483490753173828125e+01 3.090586280822753906e+01
2.822646484375000000e+02 1.767317657470703125e+02 3.703102111816406250e+01 3.208460617065429688e+01
2.817261047363281250e+02 1.764628143310546875e+02 3.732477569580078125e+01 3.157523918151855469e+01
2.825559997558593750e+02 1.774821014404296875e+02 3.674647140502929688e+01 3.177192306518554688e+01
2.800096435546875000e+02 1.772600097656250000e+02 3.687961959838867188e+01 3.241699981689453125e+01
2.806468200683593750e+02 1.767674102783203125e+02 3.627798843383789062e+01 3.270045089721679688e+01
2.801818847656250000e+02 1.769442749023437500e+02 3.553857421875000000e+01 3.294994735717773438e+01
2.776267700195312500e+02 1.759085540771484375e+02 3.918671798706054688e+01 3.384123611450195312e+01
2.780301208496093750e+02 1.757615661621093750e+02 3.964190292358398438e+01 3.340609741210937500e+01
2.775258178710937500e+02 1.770875244140625000e+02 3.549416732788085938e+01 3.138094329833984375e+01
2.757987060546875000e+02 1.752722930908203125e+02 3.932488250732421875e+01 3.517144012451171875e+01
2.747242431640625000e+02 1.752834625244140625e+02 3.698003768920898438e+01 3.487490463256835938e+01
2.725319519042968750e+02 1.753141326904296875e+02 4.156359863281250000e+01 3.452395248413085938e+01
2.727197570800781250e+02 1.755713195800781250e+02 4.168405532836914062e+01 3.488868331909179688e+01
2.707489013671875000e+02 1.761659851074218750e+02 4.136152648925781250e+01 3.626991653442382812e+01
2.691288757324218750e+02 1.760810699462890625e+02 3.875650405883789062e+01 3.651013183593750000e+01
2.690806274414062500e+02 1.771294860839843750e+02 3.949530410766601562e+01 3.543016052246093750e+01
2.658703918457031250e+02 1.757272033691406250e+02 3.776352310180664062e+01 3.610989761352539062e+01
2.643850097656250000e+02 1.763317718505859375e+02 4.030698776245117188e+01 3.467718505859375000e+01
2.624039306640625000e+02 1.757880096435546875e+02 4.244675827026367188e+01 3.656179428100585938e+01
2.582302551269531250e+02 1.763183746337890625e+02 4.438341903686523438e+01 3.705218505859375000e+01
2.578973388671875000e+02 1.746602630615234375e+02 4.315988159179687500e+01 3.873562240600585938e+01
2.553443450927734375e+02 1.763987731933593750e+02 4.716733551025390625e+01 3.912187194824218750e+01
2.539927978515625000e+02 1.761656188964843750e+02 4.525372314453125000e+01 3.848408508300781250e+01
2.532746124267578125e+02 1.763513946533203125e+02 4.790266799926757812e+01 3.972806167602539062e+01
2.512931671142578125e+02 1.771287078857421875e+02 5.164358901977539062e+01 3.933193206787109375e+01
2.505998077392578125e+02 1.754480285644531250e+02 4.531455230712890625e+01 3.915531921386718750e+01
2.491374969482421875e+02 1.771521301269531250e+02 4.368166351318359375e+01 3.485234069824218750e+01
2.416431579589843750e+02 1.754916076660156250e+02 4.990431213378906250e+01 4.101991271972656250e+01
2.425392913818359375e+02 1.762721557617187500e+02 4.668137359619140625e+01 4.135752868652343750e+01
2.389600219726562500e+02 1.758479309082031250e+02 4.797332763671875000e+01 4.069834518432617188e+01
2.345884094238281250e+02 1.769687042236328125e+02 5.086964416503906250e+01 4.092452239990234375e+01
2.317247314453125000e+02 1.781880035400390625e+02 4.721025848388671875e+01 4.106617355346679688e+01
2.301075286865234375e+02 1.759002990722656250e+02 4.852359008789062500e+01 4.280470657348632812e+01
2.306257171630859375e+02 1.777669525146484375e+02 4.885822677612304688e+01 4.127162933349609375e+01
2.277801666259765625e+02 1.768033142089843750e+02 5.066692352294921875e+01 4.371546554565429688e+01
2.220460357666015625e+02 1.756793365478515625e+02 5.280385208129882812e+01 4.474634170532226562e+01
2.144883728027343750e+02 1.773600006103515625e+02 5.657234191894531250e+01 4.298453903198242188e+01
2.116390075683593750e+02 1.762547302246093750e+02 5.737844848632812500e+01 4.501839828491210938e+01
2.099610748291015625e+02 1.756832275390625000e+02 5.682769775390625000e+01 4.631193542480468750e+01
2.058523864746093750e+02 1.765203857421875000e+02 5.704396438598632812e+01 4.544684982299804688e+01
2.030324096679687500e+02 1.778049163818359375e+02 5.685858535766601562e+01 4.424198532104492188e+01
1.914810485839843750e+02 1.705873565673828125e+02 6.779463958740234375e+01 5.217743682861328125e+01
1.916761932373046875e+02 1.759272460937500000e+02 6.531497955322265625e+01 4.584038543701171875e+01
1.945432891845703125e+02 1.755974884033203125e+02 5.745606613159179688e+01 4.474485397338867188e+01
1.912611541748046875e+02 1.753396453857421875e+02 4.895420074462890625e+01 4.977078247070312500e+01
1.819766235351562500e+02 1.764038238525390625e+02 5.388670349121093750e+01 4.745993423461914062e+01
1.789331054687500000e+02 1.767262878417968750e+02 6.200161361694335938e+01 4.426127624511718750e+01
1.752217559814453125e+02 1.768311614990234375e+02 6.066742324829101562e+01 5.037697601318359375e+01
1.713205261230468750e+02 1.760605316162109375e+02 6.152663803100585938e+01 5.260474395751953125e+01
1.650084075927734375e+02 1.786460876464843750e+02 6.141965103149414062e+01 5.094214248657226562e+01
1.585365753173828125e+02 1.779663696289062500e+02 6.292444229125976562e+01 5.278248596191406250e+01
1.576412658691406250e+02 1.777853851318359375e+02 6.758628845214843750e+01 5.302600479125976562e+01
1.538183898925781250e+02 1.793502960205078125e+02 6.585910034179687500e+01 4.935464477539062500e+01
1.503814239501953125e+02 1.812971801757812500e+02 5.930563354492187500e+01 4.919665145874023438e+01
1.491196289062500000e+02 1.769696960449218750e+02 5.031837081909179688e+01 5.338348770141601562e+01
1.384234619140625000e+02 1.782720489501953125e+02 5.296976470947265625e+01 5.271395874023437500e+01
1.275774612426757812e+02 1.783595123291015625e+02 5.621229553222656250e+01 5.650470733642578125e+01
1.223040771484375000e+02 1.772682189941406250e+02 5.948550796508789062e+01 5.924353027343750000e+01
1.150461120605468750e+02 1.773156433105468750e+02 6.163607788085937500e+01 5.996538162231445312e+01
1.149665374755859375e+02 1.782041931152343750e+02 6.608640289306640625e+01 5.622147750854492188e+01
1.024389495849609375e+02 1.785340118408203125e+02 7.546341705322265625e+01 5.373000717163085938e+01
9.735057067871093750e+01 1.773737792968750000e+02 7.243313598632812500e+01 6.278198623657226562e+01
8.999956512451171875e+01 1.777866973876953125e+02 6.842924499511718750e+01 6.150426864624023438e+01
8.004644775390625000e+01 1.782899475097656250e+02 7.807411956787109375e+01 6.498125457763671875e+01
7.068544006347656250e+01 1.796706542968750000e+02 7.949843597412109375e+01 6.386415481567382812e+01
5.705269622802734375e+01 1.798740844726562500e+02 8.998657226562500000e+01 6.207352447509765625e+01
4.545116043090820312e+01 1.838579254150390625e+02 8.738726043701171875e+01 5.731021881103515625e+01
3.036525726318359375e+01 1.823839874267578125e+02 8.744371032714843750e+01 5.783714675903320312e+01
2.795050430297851562e+01 1.754550323486328125e+02 7.741454315185546875e+01 7.462625122070312500e+01
1.606049728393554688e+01 1.777440795898437500e+02 8.484841156005859375e+01 6.202113342285156250e+01
