6.600000000000000000e+01 2.800000000000000000e+01 3.100000000000000000e+01 3.500000000000000000e+01
6.518566894531250000e+01 2.934168815612792969e+01 3.475071334838867188e+01 3.502370834350585938e+01
6.454166412353515625e+01 2.918944168090820312e+01 3.651962661743164062e+01 3.673677825927734375e+01
6.519034576416015625e+01 2.952995491027832031e+01 3.675780105590820312e+01 3.945588302612304688e+01
6.554232025146484375e+01 3.086456680297851562e+01 3.629321670532226562e+01 3.815048217773437500e+01
6.676610565185546875e+01 2.740427970886230469e+01 3.778577804565429688e+01 4.488033676147460938e+01
6.595561218261718750e+01 3.202605438232421875e+01 3.907812118530273438e+01 3.835428619384765625e+01
6.470287322998046875e+01 2.864604759216308594e+01 4.087261581420898438e+01 4.432049942016601562e+01
6.890875244140625000e+01 2.639939880371093750e+01 3.830245208740234375e+01 4.779928588867187500e+01
6.999483489990234375e+01 2.947946739196777344e+01 4.013054275512695312e+01 4.891312026977539062e+01
7.096560668945312500e+01 3.050583457946777344e+01 3.958620071411132812e+01 4.542480850219726562e+01
7.822523498535156250e+01 4.312839508056640625e+01 3.364642715454101562e+01 3.594031524658203125e+01
8.108725738525390625e+01 4.713984298706054688e+01 3.299897384643554688e+01 3.089694976806640625e+01
7.697042083740234375e+01 4.526118087768554688e+01 3.623244857788085938e+01 3.248723602294921875e+01
8.173387145996093750e+01 4.724298477172851562e+01 3.525468063354492188e+01 3.376002502441406250e+01
8.280393981933593750e+01 4.910298156738281250e+01 3.568971252441406250e+01 3.421058654785156250e+01
8.351787567138671875e+01 5.009136581420898438e+01 3.493682861328125000e+01 3.411333465576171875e+01
8.327667999267578125e+01 4.877293395996093750e+01 3.470729446411132812e+01 3.562691116333007812e+01
8.633170318603515625e+01 5.115564346313476562e+01 3.457438659667968750e+01 3.453432464599609375e+01
9.029732513427734375e+01 5.407171630859375000e+01 3.172644042968750000e+01 3.249208068847656250e+01
9.252646636962890625e+01 5.422524642944335938e+01 3.296635055541992188e+01 3.466950225830078125e+01
9.493576049804687500e+01 5.476836395263671875e+01 3.125612258911132812e+01 3.336916732788085938e+01
9.449517822265625000e+01 5.700669097900390625e+01 3.303778839111328125e+01 3.563316726684570312e+01
9.719504547119140625e+01 5.721381378173828125e+01 3.254714965820312500e+01 3.657992172241210938e+01
9.946721649169921875e+01 5.905002975463867188e+01 3.185175895690917969e+01 3.457086944580078125e+01
1.024549942016601562e+02 6.094778442382812500e+01 3.098394775390625000e+01 3.604133605957031250e+01
9.829084014892578125e+01 6.044306564331054688e+01 3.496533584594726562e+01 3.499420928955078125e+01
1.039877853393554688e+02 6.122606658935546875e+01 3.007941246032714844e+01 3.683155441284179688e+01
1.038909835815429688e+02 6.292973327636718750e+01 3.342177963256835938e+01 3.583882522583007812e+01
1.042336120605468750e+02 6.408007049560546875e+01 3.468163299560546875e+01 3.668997573852539062e+01
1.064778213500976562e+02 6.593374633789062500e+01 3.468858337402343750e+01 3.835317230224609375e+01
1.086321487426757812e+02 6.909425354003906250e+01 3.570680618286132812e+01 3.793039703369140625e+01
1.093090667724609375e+02 6.854317474365234375e+01 3.558753585815429688e+01 3.870211791992187500e+01
1.115113677978515625e+02 7.051966857910156250e+01 3.568801498413085938e+01 3.865800857543945312e+01
1.138404693603515625e+02 7.246343231201171875e+01 3.561755752563476562e+01 3.958126449584960938e+01
1.155110778808593750e+02 7.376915740966796875e+01 3.247021865844726562e+01 3.802274703979492188e+01
1.146794509887695312e+02 7.221949768066406250e+01 3.391285324096679688e+01 3.922799682617187500e+01
1.165994186401367188e+02 7.523734283447265625e+01 3.592155075073242188e+01 4.000265502929687500e+01
1.161635818481445312e+02 7.734175109863281250e+01 3.505659484863281250e+01 3.723970794677734375e+01
1.222708129882812500e+02 7.811547851562500000e+01 3.593433380126953125e+01 4.048463058471679688e+01
1.241348571777343750e+02 8.110983276367187500e+01 3.853232192993164062e+01 4.336821746826171875e+01
1.226849822998046875e+02 8.226649475097656250e+01 4.040444183349609375e+01 4.290799713134765625e+01
1.271692810058593750e+02 8.171931457519531250e+01 3.635405731201171875e+01 4.477849197387695312e+01
1.301474151611328125e+02 8.543688964843750000e+01 3.867618179321289062e+01 4.822208404541015625e+01
1.276871795654296875e+02 8.706042480468750000e+01 4.384233856201171875e+01 4.822045898437500000e+01
1.278599090576171875e+02 9.248218536376953125e+01 4.467370986938476562e+01 4.490460586547851562e+01
1.259099044799804688e+02 9.104197692871093750e+01 4.822239303588867188e+01 4.321372222900390625e+01
1.228334426879882812e+02 9.365836334228515625e+01 5.190275192260742188e+01 4.313859939575195312e+01
1.272232208251953125e+02 9.410157775878906250e+01 5.063138580322265625e+01 4.296494293212890625e+01
1.371063385009765625e+02 9.316741943359375000e+01 4.427415847778320312e+01 5.070066070556640625e+01
1.456054840087890625e+02 9.476575469970703125e+01 3.842486572265625000e+01 4.975428771972656250e+01
1.468824005126953125e+02 9.621244049072265625e+01 4.041783523559570312e+01 4.805865478515625000e+01
1.492767333984375000e+02 9.720090484619140625e+01 3.890499877929687500e+01 4.837637329101562500e+01
1.470568237304687500e+02 1.032216110229492188e+02 4.549401092529296875e+01 4.848916244506835938e+01
1.501682586669921875e+02 9.960644531250000000e+01 4.240916061401367188e+01 5.657051849365234375e+01
1.621259918212890625e+02 1.077976684570312500e+02 3.868614959716796875e+01 5.075280761718750000e+01
1.632329101562500000e+02 1.142724914550781250e+02 3.841052246093750000e+01 4.359389877319335938e+01
1.639187927246093750e+02 1.185138473510742188e+02 4.141326141357421875e+01 3.766484069824218750e+01
1.655723571777343750e+02 1.218709106445312500e+02 4.217868423461914062e+01 2.908354949951171875e+01
1.686278839111328125e+02 1.248621520996093750e+02 4.284220123291015625e+01 2.861551094055175781e+01
1.726049652099609375e+02 1.272049713134765625e+02 4.133742904663085938e+01 2.848184394836425781e+01
1.771867065429687500e+02 1.291800689697265625e+02 4.016184234619140625e+01 3.172963714599609375e+01
1.807851562500000000e+02 1.308832092285156250e+02 4.095170593261718750e+01 3.287307739257812500e+01
1.778603210449218750e+02 1.355912017822265625e+02 4.748852157592773438e+01 2.952399444580078125e+01
1.787905883789062500e+02 1.364406280517578125e+02 4.683391571044921875e+01 2.969140434265136719e+01
1.846213226318359375e+02 1.389723815917968750e+02 4.574563598632812500e+01 2.828031539916992188e+01
1.886782684326171875e+02 1.430344238281250000e+02 4.770443725585937500e+01 3.234999084472656250e+01
1.964493103027343750e+02 1.458638916015625000e+02 4.285322189331054688e+01 3.229402160644531250e+01
2.038831176757812500e+02 1.517381286621093750e+02 3.762190628051757812e+01 3.166794776916503906e+01
2.104462585449218750e+02 1.470252990722656250e+02 3.484133911132812500e+01 3.909574127197265625e+01
2.156626739501953125e+02 1.563832397460937500e+02 3.357738113403320312e+01 3.716179656982421875e+01
2.223819274902343750e+02 1.594269714355468750e+02 3.035184097290039062e+01 3.743570327758789062e+01
2.214430236816406250e+02 1.613875122070312500e+02 3.695843887329101562e+01 4.346286392211914062e+01
2.218870239257812500e+02 1.662147521972656250e+02 4.122066879272460938e+01 3.815178298950195312e+01
2.220979461669921875e+02 1.735479278564453125e+02 4.857118606567382812e+01 3.376043701171875000e+01
2.307730865478515625e+02 1.748128051757812500e+02 4.602241897583007812e+01 3.599697494506835938e+01
2.302118682861328125e+02 1.781897888183593750e+02 5.443977737426757812e+01 3.881818008422851562e+01
2.320723266601562500e+02 1.815665283203125000e+02 5.924772644042968750e+01 4.236079406738281250e+01
2.369586944580078125e+02 1.847021636962890625e+02 5.788254547119140625e+01 4.240451431274414062e+01
2.431368560791015625e+02 1.910172882080078125e+02 5.471121978759765625e+01 4.077066421508789062e+01
2.450505371093750000e+02 1.955515136718750000e+02 6.270313644409179688e+01 4.320092773437500000e+01
2.526294097900390625e+02 2.007891693115234375e+02 5.921127700805664062e+01 4.244594573974609375e+01
2.582133178710937500e+02 2.060872344970703125e+02 5.990141677856445312e+01 4.174156951904296875e+01
2.618316040039062500e+02 2.104239807128906250e+02 6.559697723388671875e+01 4.205325698852539062e+01
2.648278198242187500e+02 2.124637756347656250e+02 6.508319091796875000e+01 4.888102722167968750e+01
