2.110000000000000000e+02 1.610000000000000000e+02 4.300000000000000000e+01 4.000000000000000000e+01
2.081215820312500000e+02 1.595092773437500000e+02 4.244074249267578125e+01 4.017065429687500000e+01
2.074061279296875000e+02 1.586471710205078125e+02 4.523031616210937500e+01 4.067502212524414062e+01
2.084665374755859375e+02 1.594934539794921875e+02 4.172219085693359375e+01 4.049843978881835938e+01
2.096116638183593750e+02 1.585953826904296875e+02 4.240686035156250000e+01 4.202300262451171875e+01
2.073468475341796875e+02 1.585447387695312500e+02 4.358393096923828125e+01 4.253199768066406250e+01
2.068639373779296875e+02 1.590790252685546875e+02 4.451130294799804688e+01 4.077249526977539062e+01
2.065481872558593750e+02 1.592353515625000000e+02 4.436709213256835938e+01 4.157397460937500000e+01
2.054098968505859375e+02 1.585996398925781250e+02 4.568919754028320312e+01 4.320391082763671875e+01
2.059126281738281250e+02 1.599404602050781250e+02 4.611260223388671875e+01 4.206749725341796875e+01
2.044171142578125000e+02 1.584244384765625000e+02 4.547612380981445312e+01 4.164367294311523438e+01
2.047915649414062500e+02 1.597917785644531250e+02 4.622603225708007812e+01 4.198692703247070312e+01
2.042105102539062500e+02 1.585717773437500000e+02 4.597724914550781250e+01 4.190979003906250000e+01
2.048777008056640625e+02 1.582558135986328125e+02 4.514145278930664062e+01 4.133946609497070312e+01
2.042623901367187500e+02 1.574796295166015625e+02 4.391997146606445312e+01 4.245809936523437500e+01
2.020231475830078125e+02 1.572100524902343750e+02 4.546920776367187500e+01 4.297886276245117188e+01
2.026039428710937500e+02 1.578146209716796875e+02 4.619892501831054688e+01 4.358507537841796875e+01
2.012401580810546875e+02 1.575460510253906250e+02 4.345621109008789062e+01 4.251838684082031250e+01
2.013720245361328125e+02 1.579769439697265625e+02 4.547387695312500000e+01 4.263901519775390625e+01
1.991950378417968750e+02 1.584924621582031250e+02 4.635469055175781250e+01 4.204982376098632812e+01
1.999589843750000000e+02 1.571551361083984375e+02 4.583836364746093750e+01 4.276202774047851562e+01
1.988320922851562500e+02 1.572977447509765625e+02 4.615325927734375000e+01 4.390166091918945312e+01
1.989968261718750000e+02 1.580777435302734375e+02 4.511518096923828125e+01 4.432915496826171875e+01
1.977293701171875000e+02 1.578801116943359375e+02 4.658171081542968750e+01 4.347136688232421875e+01
1.994124908447265625e+02 1.570690155029296875e+02 4.623468780517578125e+01 4.406162643432617188e+01
1.946487579345703125e+02 1.583023834228515625e+02 4.827166748046875000e+01 3.943843460083007812e+01
1.950705871582031250e+02 1.581082305908203125e+02 4.922342681884765625e+01 4.314766693115234375e+01
1.939718170166015625e+02 1.570323638916015625e+02 4.990616607666015625e+01 4.442934036254882812e+01
1.944100646972656250e+02 1.575944213867187500e+02 4.779665374755859375e+01 4.490476608276367188e+01
1.946470489501953125e+02 1.579186401367187500e+02 4.694067764282226562e+01 4.451218032836914062e+01
1.952139434814453125e+02 1.583533935546875000e+02 4.850198745727539062e+01 4.509295272827148438e+01
1.943319854736328125e+02 1.569896545410156250e+02 4.682151412963867188e+01 4.494041824340820312e+01
1.916694641113281250e+02 1.573227233886718750e+02 4.924874877929687500e+01 4.641676712036132812e+01
1.936845245361328125e+02 1.556773681640625000e+02 4.881101608276367188e+01 4.733424377441406250e+01
1.918230285644531250e+02 1.573399353027343750e+02 4.927751541137695312e+01 4.615360641479492188e+01
1.932046966552734375e+02 1.580528259277343750e+02 4.653119277954101562e+01 4.571432495117187500e+01
1.913981475830078125e+02 1.560356597900390625e+02 4.465386581420898438e+01 4.663776016235351562e+01
1.906412048339843750e+02 1.575358886718750000e+02 4.837277221679687500e+01 4.620713043212890625e+01
1.900649414062500000e+02 1.535466918945312500e+02 4.865427017211914062e+01 4.960525131225585938e+01
1.917563934326171875e+02 1.563612060546875000e+02 5.040839385986328125e+01 4.823002624511718750e+01
1.882457427978515625e+02 1.556713104248046875e+02 5.164549636840820312e+01 4.824194717407226562e+01
1.903945922851562500e+02 1.529528961181640625e+02 4.904294204711914062e+01 5.055538940429687500e+01
1.904787750244140625e+02 1.573476715087890625e+02 4.431461715698242188e+01 4.429634857177734375e+01
1.897366790771484375e+02 1.570475616455078125e+02 4.517774581909179688e+01 4.653223419189453125e+01
1.899449005126953125e+02 1.557310333251953125e+02 4.768491744995117188e+01 4.831207275390625000e+01
1.880706176757812500e+02 1.534030303955078125e+02 4.842711257934570312e+01 5.005500030517578125e+01
1.886667938232421875e+02 1.543619995117187500e+02 4.874251556396484375e+01 5.003031921386718750e+01
1.882322845458984375e+02 1.546466369628906250e+02 4.837377548217773438e+01 5.020758819580078125e+01
1.867514801025390625e+02 1.541917724609375000e+02 4.899555206298828125e+01 4.954531097412109375e+01
1.860459747314453125e+02 1.499523925781250000e+02 5.037969207763671875e+01 5.458811569213867188e+01
1.863879547119140625e+02 1.556176605224609375e+02 5.067753982543945312e+01 5.059960174560546875e+01
1.847706298828125000e+02 1.541715545654296875e+02 5.132168960571289062e+01 5.001451873779296875e+01
1.838283233642578125e+02 1.542988128662109375e+02 5.404000854492187500e+01 5.122558975219726562e+01
1.827272186279296875e+02 1.537677459716796875e+02 5.283843612670898438e+01 5.064928817749023438e+01
1.841826324462890625e+02 1.546140747070312500e+02 4.800670242309570312e+01 5.193606567382812500e+01
1.808091125488281250e+02 1.517581481933593750e+02 5.435621643066406250e+01 5.256214904785156250e+01
1.811821594238281250e+02 1.538863525390625000e+02 5.088516616821289062e+01 5.182100677490234375e+01
1.802134094238281250e+02 1.516815490722656250e+02 5.171510696411132812e+01 5.211308670043945312e+01
1.775904541015625000e+02 1.505333099365234375e+02 5.627999114990234375e+01 5.522698974609375000e+01
1.776971893310546875e+02 1.514355316162109375e+02 5.688422393798828125e+01 5.550449371337890625e+01
1.789655303955078125e+02 1.520722808837890625e+02 5.418084716796875000e+01 5.499503707885742188e+01
1.798355560302734375e+02 1.495843811035156250e+02 5.267639541625976562e+01 5.589694213867187500e+01
1.807736511230468750e+02 1.502308959960937500e+02 5.101366043090820312e+01 5.431187438964843750e+01
1.775877685546875000e+02 1.503750610351562500e+02 5.357539367675781250e+01 5.589556503295898438e+01
1.766797027587890625e+02 1.521575012207031250e+02 5.134768295288085938e+01 5.375509643554687500e+01
1.758322906494140625e+02 1.527165374755859375e+02 5.506145095825195312e+01 5.322560882568359375e+01
1.758236541748046875e+02 1.520532379150390625e+02 5.469989013671875000e+01 5.450627517700195312e+01
1.752810516357421875e+02 1.519547271728515625e+02 5.346422958374023438e+01 5.384772872924804688e+01
1.774664916992187500e+02 1.515784301757812500e+02 5.134774017333984375e+01 5.500523376464843750e+01
1.763624572753906250e+02 1.524853210449218750e+02 5.483844375610351562e+01 5.462731552124023438e+01
1.757117004394531250e+02 1.494886932373046875e+02 5.345131301879882812e+01 5.629173660278320312e+01
1.741646118164062500e+02 1.500331268310546875e+02 5.367896270751953125e+01 5.578226470947265625e+01
1.738163452148437500e+02 1.478296508789062500e+02 5.655967712402343750e+01 5.882654953002929688e+01
1.729125518798828125e+02 1.495243225097656250e+02 5.506097793579101562e+01 5.944220733642578125e+01
1.729130859375000000e+02 1.495822296142578125e+02 5.460767364501953125e+01 5.748659133911132812e+01
1.708961791992187500e+02 1.486337890625000000e+02 5.628237915039062500e+01 6.013294982910156250e+01
1.700818176269531250e+02 1.497691345214843750e+02 5.602764511108398438e+01 5.664205551147460938e+01
1.711253662109375000e+02 1.514286651611328125e+02 5.540528869628906250e+01 5.631577682495117188e+01
1.698917846679687500e+02 1.504268188476562500e+02 5.591351318359375000e+01 5.554009628295898438e+01
1.684060058593750000e+02 1.492090454101562500e+02 5.407625579833984375e+01 5.961868667602539062e+01
1.659174652099609375e+02 1.481451416015625000e+02 5.954252243041992188e+01 6.093083953857421875e+01
1.660411987304687500e+02 1.476856689453125000e+02 5.941334152221679688e+01 5.991174316406250000e+01
1.654534454345703125e+02 1.484042968750000000e+02 5.940275192260742188e+01 5.864347457885742188e+01
1.661057281494140625e+02 1.488752899169921875e+02 6.038602066040039062e+01 5.166967010498046875e+01
1.620434112548828125e+02 1.511169281005859375e+02 6.984224700927734375e+01 3.704282379150390625e+01
1.646207580566406250e+02 1.508946380615234375e+02 6.506573486328125000e+01 4.231381607055664062e+01
1.640496520996093750e+02 1.521478881835937500e+02 6.584384918212890625e+01 5.674238204956054688e+01
1.609044189453125000e+02 1.481575622558593750e+02 6.605671691894531250e+01 5.937810134887695312e+01
1.583235321044921875e+02 1.464979095458984375e+02 6.557348632812500000e+01 6.115894699096679688e+01
1.627839660644531250e+02 1.486425170898437500e+02 6.220869445800781250e+01 5.989198303222656250e+01
1.621929168701171875e+02 1.488384246826171875e+02 6.004523849487304688e+01 5.874730682373046875e+01
1.631116180419921875e+02 1.496205749511718750e+02 5.913378906250000000e+01 5.905973815917968750e+01
1.600255889892578125e+02 1.494928131103515625e+02 6.146969604492187500e+01 6.010395431518554688e+01
1.606494445800781250e+02 1.480477447509765625e+02 6.060478210449218750e+01 6.013171005249023438e+01
1.590498199462890625e+02 1.477213745117187500e+02 6.234139633178710938e+01 6.270776367187500000e+01
1.610240325927734375e+02 1.480613708496093750e+02 6.066938400268554688e+01 6.170903778076171875e+01
1.621571655273437500e+02 1.477001800537109375e+02 5.851540756225585938e+01 6.068772506713867188e+01
1.601916503906250000e+02 1.487917480468750000e+02 6.205955123901367188e+01 6.195579147338867188e+01
1.616335296630859375e+02 1.464893188476562500e+02 5.937673950195312500e+01 6.211122894287109375e+01
1.612268981933593750e+02 1.470269927978515625e+02 5.987950134277343750e+01 6.257089614868164062e+01
1.626029205322265625e+02 1.491384887695312500e+02 5.765053176879882812e+01 6.200553894042968750e+01
1.626646728515625000e+02 1.478561096191406250e+02 5.867057800292968750e+01 6.346972274780273438e+01
1.605133056640625000e+02 1.478934783935546875e+02 6.105255508422851562e+01 5.463512420654296875e+01
1.619673461914062500e+02 1.479783477783203125e+02 5.840774917602539062e+01 6.322115707397460938e+01
1.618599243164062500e+02 1.480436706542968750e+02 5.717553329467773438e+01 6.188151168823242188e+01
1.619092102050781250e+02 1.462407226562500000e+02 5.858857727050781250e+01 6.459716033935546875e+01
1.632074279785156250e+02 1.458172607421875000e+02 5.825363540649414062e+01 6.514391326904296875e+01
1.622222290039062500e+02 1.452789611816406250e+02 6.002896499633789062e+01 6.633098602294921875e+01
1.596154937744140625e+02 1.457198486328125000e+02 6.340115737915039062e+01 6.656487274169921875e+01
1.589018402099609375e+02 1.463225097656250000e+02 6.324419784545898438e+01 6.539147186279296875e+01
1.593658905029296875e+02 1.468948669433593750e+02 6.081751251220703125e+01 6.522445678710937500e+01
1.596573791503906250e+02 1.470824890136718750e+02 6.000915145874023438e+01 6.468721008300781250e+01
1.584476623535156250e+02 1.465198059082031250e+02 6.234508895874023438e+01 6.669132995605468750e+01
1.581183624267578125e+02 1.469056701660156250e+02 6.256081008911132812e+01 6.531855010986328125e+01
1.598879852294921875e+02 1.435296020507812500e+02 6.208651733398437500e+01 6.794433593750000000e+01
1.565339965820312500e+02 1.449214782714843750e+02 6.503753662109375000e+01 6.791825866699218750e+01
1.606841125488281250e+02 1.442982482910156250e+02 6.185166168212890625e+01 6.837727355957031250e+01
1.588305206298828125e+02 1.433990478515625000e+02 6.296727371215820312e+01 7.067164611816406250e+01
1.603650817871093750e+02 1.421232299804687500e+02 6.382687377929687500e+01 7.030659484863281250e+01
1.609620208740234375e+02 1.426603088378906250e+02 6.226004409790039062e+01 7.111210632324218750e+01
1.602420196533203125e+02 1.442843170166015625e+02 6.212139511108398438e+01 6.905638885498046875e+01
1.598093566894531250e+02 1.418803253173828125e+02 6.377099990844726562e+01 7.142364501953125000e+01
1.575182189941406250e+02 1.423929443359375000e+02 6.499671173095703125e+01 7.077616119384765625e+01
1.607972869873046875e+02 1.399027252197265625e+02 6.466693115234375000e+01 7.366141510009765625e+01
1.600559692382812500e+02 1.393487854003906250e+02 6.673199462890625000e+01 7.383473205566406250e+01
1.612513427734375000e+02 1.409436798095703125e+02 6.644158172607421875e+01 7.417942047119140625e+01
1.602645874023437500e+02 1.406935577392578125e+02 6.662281036376953125e+01 7.368556976318359375e+01
1.584766998291015625e+02 1.387299041748046875e+02 6.753460693359375000e+01 7.371246337890625000e+01
1.609253082275390625e+02 1.398955993652343750e+02 6.870999145507812500e+01 7.417352294921875000e+01
1.615942077636718750e+02 1.399210510253906250e+02 6.646900939941406250e+01 7.434127807617187500e+01
1.609660644531250000e+02 1.393708648681640625e+02 6.654409027099609375e+01 7.690294647216796875e+01
1.624698944091796875e+02 1.418458862304687500e+02 6.688811492919921875e+01 7.399342346191406250e+01
1.598617248535156250e+02 1.404759063720703125e+02 7.033979797363281250e+01 7.372600555419921875e+01
1.623075561523437500e+02 1.410692749023437500e+02 6.696323394775390625e+01 6.628146362304687500e+01
1.598193359375000000e+02 1.360283508300781250e+02 7.067951202392578125e+01 7.957402801513671875e+01
1.618479156494140625e+02 1.371748962402343750e+02 7.132958984375000000e+01 7.914095306396484375e+01
1.601089630126953125e+02 1.339321289062500000e+02 7.139534759521484375e+01 8.371144104003906250e+01
1.623910064697265625e+02 1.303107757568359375e+02 6.980752563476562500e+01 8.433805084228515625e+01
1.659176330566406250e+02 1.303331756591796875e+02 6.661650848388671875e+01 8.561429595947265625e+01
1.653796539306640625e+02 1.317421264648437500e+02 6.837103271484375000e+01 8.559367370605468750e+01
1.636124420166015625e+02 1.342193908691406250e+02 7.103430938720703125e+01 8.193452453613281250e+01
1.663479919433593750e+02 1.330715637207031250e+02 7.105601501464843750e+01 8.511742401123046875e+01
1.621340942382812500e+02 1.357758789062500000e+02 7.377227783203125000e+01 8.111851501464843750e+01
1.648624267578125000e+02 1.373299407958984375e+02 7.204264831542968750e+01 8.018836212158203125e+01
1.628645324707031250e+02 1.349905395507812500e+02 7.559432983398437500e+01 8.267217254638671875e+01
1.648457336425781250e+02 1.326741638183593750e+02 7.367412567138671875e+01 8.627633666992187500e+01
1.673381958007812500e+02 1.299683074951171875e+02 7.400161743164062500e+01 8.910939788818359375e+01
1.679116973876953125e+02 1.298312377929687500e+02 7.369962310791015625e+01 8.827255249023437500e+01
1.657583160400390625e+02 1.311366119384765625e+02 7.677459716796875000e+01 8.657470703125000000e+01
1.692354278564453125e+02 1.290726928710937500e+02 7.577130126953125000e+01 9.016753387451171875e+01
1.686170043945312500e+02 1.281806030273437500e+02 7.949839019775390625e+01 9.065097045898437500e+01
1.690615539550781250e+02 1.275903091430664062e+02 7.666763305664062500e+01 9.143678283691406250e+01
1.698033752441406250e+02 1.274435424804687500e+02 8.084355926513671875e+01 9.272174072265625000e+01
1.673826904296875000e+02 1.268999328613281250e+02 8.309853363037109375e+01 9.227648925781250000e+01
1.733597412109375000e+02 1.279558944702148438e+02 7.864601135253906250e+01 9.325291442871093750e+01
1.735860900878906250e+02 1.263658905029296875e+02 7.791194152832031250e+01 9.432308959960937500e+01
1.735191802978515625e+02 1.264402465820312500e+02 8.185674285888671875e+01 9.482553100585937500e+01
1.736592102050781250e+02 1.254033050537109375e+02 8.398408508300781250e+01 9.542082977294921875e+01
1.739537200927734375e+02 1.268799591064453125e+02 8.142591094970703125e+01 9.449370574951171875e+01
1.745914001464843750e+02 1.264228057861328125e+02 8.304201507568359375e+01 9.477835845947265625e+01
1.750218200683593750e+02 1.247475357055664062e+02 8.308528137207031250e+01 9.581773376464843750e+01
1.769412536621093750e+02 1.252684631347656250e+02 8.478041076660156250e+01 9.675487518310546875e+01
1.823645935058593750e+02 1.238470458984375000e+02 7.883070373535156250e+01 9.792482757568359375e+01
1.854268493652343750e+02 1.222148132324218750e+02 7.841625213623046875e+01 1.005684509277343750e+02
1.868023529052734375e+02 1.242912902832031250e+02 7.650746917724609375e+01 9.860614013671875000e+01
1.896602325439453125e+02 1.194575347900390625e+02 7.917092895507812500e+01 1.040779724121093750e+02
1.893990783691406250e+02 1.237784347534179688e+02 7.911955261230468750e+01 9.987892150878906250e+01
1.910114898681640625e+02 1.246152496337890625e+02 8.036042022705078125e+01 9.922274780273437500e+01
1.898762207031250000e+02 1.248671417236328125e+02 8.051924133300781250e+01 9.937378692626953125e+01
1.953251647949218750e+02 1.239613494873046875e+02 7.659602355957031250e+01 9.934624481201171875e+01
1.944482116699218750e+02 1.237412414550781250e+02 7.461482238769531250e+01 9.275405883789062500e+01
1.933371582031250000e+02 1.252764282226562500e+02 7.801059722900390625e+01 8.745910644531250000e+01
1.981926269531250000e+02 1.222184143066406250e+02 7.479126739501953125e+01 1.049034118652343750e+02
1.960737609863281250e+02 1.183625030517578125e+02 7.788628387451171875e+01 1.051321716308593750e+02
2.039911804199218750e+02 1.187153625488281250e+02 8.011557769775390625e+01 1.049286117553710938e+02
2.026943511962890625e+02 1.191093444824218750e+02 7.783270263671875000e+01 1.085080490112304688e+02
2.026224365234375000e+02 1.160891647338867188e+02 7.650437164306640625e+01 1.141661529541015625e+02
2.024483337402343750e+02 1.163832092285156250e+02 8.153929138183593750e+01 1.120024414062500000e+02
2.095922851562500000e+02 1.177967987060546875e+02 7.706575012207031250e+01 1.123807067871093750e+02
2.062394256591796875e+02 1.177537536621093750e+02 8.697781372070312500e+01 1.093175582885742188e+02
2.202516479492187500e+02 1.135538940429687500e+02 7.636316680908203125e+01 1.157187194824218750e+02
2.099534606933593750e+02 1.113360900878906250e+02 9.204565429687500000e+01 1.166993026733398438e+02
2.098210144042968750e+02 1.012778244018554688e+02 9.292288970947265625e+01 1.280481414794921875e+02
2.136187133789062500e+02 1.097402877807617188e+02 9.652378845214843750e+01 1.243591461181640625e+02
2.087060241699218750e+02 9.904208374023437500e+01 9.950629425048828125e+01 1.322883605957031250e+02
2.201421661376953125e+02 1.020877532958984375e+02 8.441872406005859375e+01 1.310880432128906250e+02
2.297782287597656250e+02 1.048443374633789062e+02 8.943702697753906250e+01 1.284605560302734375e+02
2.298283081054687500e+02 9.508452606201171875e+01 7.351029968261718750e+01 1.409064178466796875e+02
2.292316894531250000e+02 1.074674758911132812e+02 9.173957824707031250e+01 1.261595001220703125e+02
2.323982391357421875e+02 9.565516662597656250e+01 1.042761611938476562e+02 1.373553771972656250e+02
2.313200378417968750e+02 9.427468872070312500e+01 9.543183898925781250e+01 1.434047241210937500e+02
2.302987060546875000e+02 9.317935943603515625e+01 1.070789642333984375e+02 1.418332672119140625e+02
2.321156158447265625e+02 9.281674957275390625e+01 1.080959091186523438e+02 1.422562713623046875e+02
2.394736633300781250e+02 9.163997650146484375e+01 1.022627487182617188e+02 1.452895965576171875e+02
2.396518402099609375e+02 9.451367950439453125e+01 1.026390762329101562e+02 1.432158966064453125e+02
2.431421356201171875e+02 9.476382446289062500e+01 1.088766098022460938e+02 1.389803466796875000e+02
2.426383819580078125e+02 9.655709838867187500e+01 1.097635116577148438e+02 1.426664428710937500e+02
2.561343383789062500e+02 9.795127868652343750e+01 1.040086975097656250e+02 1.405073242187500000e+02
2.519590148925781250e+02 9.412714385986328125e+01 1.075654754638671875e+02 1.462138519287109375e+02
2.497110595703125000e+02 9.048133850097656250e+01 1.102878875732421875e+02 1.498657836914062500e+02
