1.160000000000000000e+02 4.700000000000000000e+01 4.200000000000000000e+01 5.700000000000000000e+01
1.167242431640625000e+02 4.478180313110351562e+01 4.798285293579101562e+01 6.090456390380859375e+01
1.280710754394531250e+02 4.599020385742187500e+01 5.023725128173828125e+01 5.592624282836914062e+01
1.350234222412109375e+02 4.627561187744140625e+01 5.249188995361328125e+01 5.853274154663085938e+01
1.425801239013671875e+02 4.712760925292968750e+01 5.173831939697265625e+01 5.698393630981445312e+01
1.518338623046875000e+02 4.869453811645507812e+01 5.178852462768554688e+01 5.737334442138671875e+01
1.589006042480468750e+02 4.991014099121093750e+01 5.228946304321289062e+01 5.689051437377929688e+01
1.671061248779296875e+02 4.969691467285156250e+01 5.361591339111328125e+01 5.895488357543945312e+01
1.786998901367187500e+02 5.124965667724609375e+01 5.173390960693359375e+01 4.965847396850585938e+01
1.859765167236328125e+02 5.181219482421875000e+01 4.872604751586914062e+01 4.246776199340820312e+01
1.913644714355468750e+02 5.113682556152343750e+01 5.089556121826171875e+01 4.802308273315429688e+01
1.902682189941406250e+02 5.111263275146484375e+01 5.210742187500000000e+01 4.904617691040039062e+01
1.911865539550781250e+02 5.080981063842773438e+01 5.664511489868164062e+01 5.766143035888671875e+01
2.029644470214843750e+02 5.045599365234375000e+01 5.184825897216796875e+01 6.094882202148437500e+01
2.094766387939453125e+02 5.191532897949218750e+01 5.158511734008789062e+01 5.805035781860351562e+01
2.189291534423828125e+02 5.284906768798828125e+01 5.027154922485351562e+01 5.848104858398437500e+01
2.290589447021484375e+02 5.488550186157226562e+01 5.194504928588867188e+01 5.919748687744140625e+01
2.366809082031250000e+02 5.299150085449218750e+01 5.019786453247070312e+01 6.046280288696289062e+01
2.444894866943359375e+02 5.292325592041015625e+01 5.000747680664062500e+01 6.034538650512695312e+01
2.534255981445312500e+02 5.214165496826171875e+01 4.856219482421875000e+01 6.048102188110351562e+01
2.570037536621093750e+02 5.164074325561523438e+01 4.983070755004882812e+01 6.353301239013671875e+01
2.628874511718750000e+02 5.104205322265625000e+01 4.896435928344726562e+01 6.395564651489257812e+01
2.701179199218750000e+02 5.134705352783203125e+01 4.829181671142578125e+01 6.315076828002929688e+01
2.712425537109375000e+02 5.079694747924804688e+01 4.709130859375000000e+01 5.660463714599609375e+01
2.764012451171875000e+02 5.313874816894531250e+01 4.402439880371093750e+01 5.386891174316406250e+01
2.837115478515625000e+02 5.370459747314453125e+01 4.662746047973632812e+01 6.021360397338867188e+01
2.890177612304687500e+02 5.356008529663085938e+01 4.566424179077148438e+01 5.986766815185546875e+01
2.950112304687500000e+02 5.667701721191406250e+01 4.390958404541015625e+01 5.720959472656250000e+01
2.944054565429687500e+02 5.640942382812500000e+01 4.415980911254882812e+01 5.462039566040039062e+01
3.027597961425781250e+02 5.612599945068359375e+01 4.569741058349609375e+01 5.266514587402343750e+01
3.063764038085937500e+02 5.815027618408203125e+01 4.580824661254882812e+01 4.574171829223632812e+01
3.137180480957031250e+02 5.882192611694335938e+01 4.416783905029296875e+01 4.645615386962890625e+01
3.137508239746093750e+02 5.819196319580078125e+01 4.415296936035156250e+01 4.922996902465820312e+01
3.149480590820312500e+02 5.772686004638671875e+01 4.367732620239257812e+01 4.974986267089843750e+01
3.156502685546875000e+02 5.772716522216796875e+01 4.418541336059570312e+01 4.765405273437500000e+01
3.152554931640625000e+02 5.781933975219726562e+01 4.378196716308593750e+01 4.816733551025390625e+01
3.178290710449218750e+02 5.757842254638671875e+01 4.344918060302734375e+01 4.457220077514648438e+01
3.162432556152343750e+02 5.711954116821289062e+01 4.557566833496093750e+01 4.704482269287109375e+01
3.206389770507812500e+02 5.805032730102539062e+01 4.436265563964843750e+01 4.378003692626953125e+01
3.213569946289062500e+02 5.723827362060546875e+01 4.538736343383789062e+01 4.525707626342773438e+01
3.267149353027343750e+02 5.811224746704101562e+01 4.343326950073242188e+01 4.410027313232421875e+01
3.309265747070312500e+02 5.975851821899414062e+01 4.459818267822265625e+01 4.481801605224609375e+01
3.309049072265625000e+02 5.973313140869140625e+01 4.522692489624023438e+01 4.337368774414062500e+01
3.338249511718750000e+02 5.961548614501953125e+01 4.342877197265625000e+01 3.884106445312500000e+01
3.360478820800781250e+02 6.000254058837890625e+01 4.747430801391601562e+01 4.242090988159179688e+01
3.411408691406250000e+02 5.915392303466796875e+01 4.248151779174804688e+01 3.912802505493164062e+01
3.432973022460937500e+02 5.838584899902343750e+01 4.194375991821289062e+01 3.661740112304687500e+01
3.428513793945312500e+02 5.790737915039062500e+01 4.235984039306640625e+01 3.776057434082031250e+01
3.416459350585937500e+02 5.822975158691406250e+01 4.385222244262695312e+01 4.175335311889648438e+01
3.400882873535156250e+02 5.838529968261718750e+01 4.404804611206054688e+01 4.988271713256835938e+01
3.415500488281250000e+02 5.855176544189453125e+01 4.319238281250000000e+01 5.305424499511718750e+01
3.396486816406250000e+02 5.906491851806640625e+01 4.569192504882812500e+01 5.283746337890625000e+01
3.376368408203125000e+02 6.026280593872070312e+01 4.403025436401367188e+01 5.410834503173828125e+01
3.335892028808593750e+02 5.969347763061523438e+01 4.486424255371093750e+01 5.345056915283203125e+01
3.320572204589843750e+02 6.037540054321289062e+01 4.565234756469726562e+01 5.398677825927734375e+01
3.296994323730468750e+02 6.155629730224609375e+01 4.387652969360351562e+01 4.803747940063476562e+01
3.255059204101562500e+02 5.950731658935546875e+01 4.354919815063476562e+01 4.966913223266601562e+01
3.258041992187500000e+02 6.074626922607421875e+01 4.604347991943359375e+01 4.907243347167968750e+01
3.234142150878906250e+02 6.000656509399414062e+01 4.397848892211914062e+01 4.891674041748046875e+01
3.190002441406250000e+02 5.883070373535156250e+01 4.438562393188476562e+01 5.180131149291992188e+01
3.145480346679687500e+02 5.637258148193359375e+01 4.471869277954101562e+01 5.345557022094726562e+01
3.079589538574218750e+02 5.729198837280273438e+01 4.581044387817382812e+01 4.980873870849609375e+01
3.032426147460937500e+02 5.629840087890625000e+01 4.652386856079101562e+01 5.588308715820312500e+01
2.984465026855468750e+02 5.571876525878906250e+01 4.625805282592773438e+01 5.606262207031250000e+01
2.924181213378906250e+02 5.440904998779296875e+01 4.672983169555664062e+01 5.737409591674804688e+01
2.862454528808593750e+02 5.620497894287109375e+01 4.633068847656250000e+01 5.204966735839843750e+01
2.808505249023437500e+02 5.624682617187500000e+01 4.852788162231445312e+01 5.472877502441406250e+01
2.751497192382812500e+02 5.483667755126953125e+01 4.660374832153320312e+01 5.237922668457031250e+01
2.671826782226562500e+02 5.435226821899414062e+01 4.742601776123046875e+01 4.878553009033203125e+01
2.555176696777343750e+02 5.265488433837890625e+01 4.754327774047851562e+01 5.109814071655273438e+01
2.504988708496093750e+02 5.386777877807617188e+01 4.628899383544921875e+01 5.049100494384765625e+01
2.434581909179687500e+02 5.339863586425781250e+01 4.766321182250976562e+01 5.406628799438476562e+01
2.443089904785156250e+02 5.302096176147460938e+01 4.730688095092773438e+01 5.068140411376953125e+01
2.378851013183593750e+02 5.394392395019531250e+01 4.775178146362304688e+01 4.726281738281250000e+01
2.328401031494140625e+02 5.284756088256835938e+01 4.731303787231445312e+01 4.989461517333984375e+01
2.262099456787109375e+02 5.268781661987304688e+01 4.851599502563476562e+01 4.682314300537109375e+01
2.186971435546875000e+02 5.402301025390625000e+01 4.966793823242187500e+01 4.643517684936523438e+01
2.052645874023437500e+02 5.352095031738281250e+01 5.063753890991210938e+01 4.998297500610351562e+01
1.963753662109375000e+02 5.099514007568359375e+01 5.655926513671875000e+01 4.719526672363281250e+01
1.878942413330078125e+02 5.028864288330078125e+01 5.019339370727539062e+01 4.642784118652343750e+01
1.804125976562500000e+02 4.979035949707031250e+01 4.988700866699218750e+01 4.905503845214843750e+01
1.735729522705078125e+02 4.912714004516601562e+01 4.987950515747070312e+01 5.113637542724609375e+01
1.657686004638671875e+02 4.688395690917968750e+01 4.839336013793945312e+01 5.319131851196289062e+01
1.584082336425781250e+02 4.876950073242187500e+01 4.930520248413085938e+01 5.005221176147460938e+01
1.513985290527343750e+02 4.933773803710937500e+01 4.716265106201171875e+01 4.904301071166992188e+01
1.422841339111328125e+02 5.044135284423828125e+01 4.799749755859375000e+01 4.966476440429687500e+01
1.360033264160156250e+02 5.164888000488281250e+01 4.992376708984375000e+01 5.105217361450195312e+01
1.287437133789062500e+02 5.298878097534179688e+01 4.987280654907226562e+01 5.113057708740234375e+01
1.224600677490234375e+02 5.131076431274414062e+01 4.957723617553710938e+01 5.063558197021484375e+01
1.229882812500000000e+02 5.133393096923828125e+01 5.020266342163085938e+01 4.896351623535156250e+01
1.193464355468750000e+02 5.256478118896484375e+01 4.800808715820312500e+01 4.756389236450195312e+01
1.151318969726562500e+02 5.331090545654296875e+01 4.809195709228515625e+01 4.803284835815429688e+01
1.094608459472656250e+02 5.222015762329101562e+01 4.849002838134765625e+01 4.868872833251953125e+01
1.003582000732421875e+02 5.251059722900390625e+01 5.182123565673828125e+01 4.724772644042968750e+01
9.653646850585937500e+01 5.302209472656250000e+01 5.080154037475585938e+01 4.619496536254882812e+01
9.215705108642578125e+01 5.348773193359375000e+01 4.912269973754882812e+01 4.874842453002929688e+01
8.817967224121093750e+01 5.183200073242187500e+01 4.761064910888671875e+01 4.801626205444335938e+01
8.373611450195312500e+01 5.007005310058593750e+01 4.938600540161132812e+01 5.065279006958007812e+01
8.133734130859375000e+01 5.008353042602539062e+01 4.741286468505859375e+01 4.624887847900390625e+01
7.735642242431640625e+01 4.755317306518554688e+01 4.552743911743164062e+01 5.423410797119140625e+01
7.544879150390625000e+01 4.586913299560546875e+01 4.534015274047851562e+01 5.560545730590820312e+01
7.480565643310546875e+01 4.523616027832031250e+01 4.320031356811523438e+01 5.547052383422851562e+01
7.396430969238281250e+01 4.491872406005859375e+01 4.345540237426757812e+01 5.250543594360351562e+01
7.014960479736328125e+01 4.576326370239257812e+01 4.295811080932617188e+01 4.824160003662109375e+01
6.437962341308593750e+01 4.468753051757812500e+01 4.572173309326171875e+01 5.203678512573242188e+01
5.662686157226562500e+01 4.433669662475585938e+01 4.962733459472656250e+01 5.046143341064453125e+01
5.318859863281250000e+01 4.508879852294921875e+01 4.469745254516601562e+01 4.501441955566406250e+01
4.202252578735351562e+01 4.646489715576171875e+01 4.401528167724609375e+01 4.683413696289062500e+01
3.601428222656250000e+01 4.611228942871093750e+01 4.289297866821289062e+01 4.565800857543945312e+01
3.209550476074218750e+01 4.791736602783203125e+01 4.296065521240234375e+01 4.662778854370117188e+01
2.833703041076660156e+01 4.742076110839843750e+01 4.264691543579101562e+01 5.070729064941406250e+01
2.827858734130859375e+01 4.644912338256835938e+01 4.036680603027343750e+01 5.038663482666015625e+01
2.936318397521972656e+01 4.657136535644531250e+01 4.069681930541992188e+01 5.411164474487304688e+01
2.974694061279296875e+01 4.651979827880859375e+01 4.248841094970703125e+01 5.373525619506835938e+01
3.219346618652343750e+01 4.740221405029296875e+01 4.246533584594726562e+01 4.979518508911132812e+01
3.267649841308593750e+01 4.740373992919921875e+01 4.248071289062500000e+01 4.849637985229492188e+01
3.447655487060546875e+01 4.643942260742187500e+01 4.427616882324218750e+01 5.060979843139648438e+01
3.982612609863281250e+01 4.616834259033203125e+01 4.602015686035156250e+01 5.807418441772460938e+01
4.840784454345703125e+01 4.813414764404296875e+01 4.795144653320312500e+01 5.658218002319335938e+01
6.177769088745117188e+01 4.769561004638671875e+01 5.102831268310546875e+01 6.396769332885742188e+01
7.339850616455078125e+01 4.739535522460937500e+01 4.716097640991210938e+01 5.066025161743164062e+01
8.022273254394531250e+01 4.724388885498046875e+01 4.656118011474609375e+01 5.075126647949218750e+01
8.771533966064453125e+01 4.783835983276367188e+01 4.447293090820312500e+01 5.001354217529296875e+01
9.174734497070312500e+01 4.800240707397460938e+01 4.635860443115234375e+01 5.110907745361328125e+01
9.737495422363281250e+01 4.715186691284179688e+01 4.410807037353515625e+01 5.141852569580078125e+01
1.048832473754882812e+02 4.761658477783203125e+01 4.486824417114257812e+01 5.276725387573242188e+01
1.074497146606445312e+02 4.929953765869140625e+01 4.652424240112304688e+01 4.956376647949218750e+01
1.102980117797851562e+02 4.976047134399414062e+01 4.625609207153320312e+01 5.070836639404296875e+01
1.119009780883789062e+02 4.972982025146484375e+01 4.652384567260742188e+01 5.110078811645507812e+01
1.149280776977539062e+02 4.993581390380859375e+01 4.672645568847656250e+01 5.348894882202148438e+01
